A	B	Bell_Schedule_ID	C	Cycle_Day_ID	D	Date	E	F	ID	InSession	MembershipValue	Note	ScheduleID	SchoolID	Type	Week_Num
0	0	402	0	401	0	8/13/18	0	0	5481	1	1		A	123711		0
0	0	402	0	401	0	8/14/18	0	0	5482	1	1		A	123711		0
0	0	402	0	401	0	8/15/18	0	0	5483	1	1		A	123711		0
0	0	402	0	401	0	8/16/18	0	0	5484	1	1		A	123711		0
0	0	402	0	401	0	8/17/18	0	0	5485	1	1		A	123711		0
0	0	0	0	0	0	8/18/18	0	0	5486	0	0		A	123711		0
0	0	0	0	0	0	8/19/18	0	0	5487	0	0		A	123711		0
0	0	401	0	401	0	8/20/18	0	0	5488	1	1		A	123711		0
0	0	401	0	401	0	8/21/18	0	0	5489	1	1		A	123711		0
0	0	402	0	401	0	8/22/18	0	0	5490	1	1		A	123711		0
0	0	401	0	401	0	8/23/18	0	0	5491	1	1		A	123711		0
0	0	401	0	401	0	8/24/18	0	0	5492	1	1		A	123711		0
0	0	0	0	0	0	8/25/18	0	0	5493	0	0		A	123711		0
0	0	0	0	0	0	8/26/18	0	0	5494	0	0		A	123711		0
0	0	401	0	401	0	8/27/18	0	0	5495	1	1		A	123711		0
0	0	401	0	401	0	8/28/18	0	0	5496	1	1		A	123711		0
0	0	402	0	401	0	8/29/18	0	0	5497	1	1		A	123711		0
0	0	401	0	401	0	8/30/18	0	0	5498	1	1		A	123711		0
0	0	401	0	401	0	8/31/18	0	0	5499	1	1		A	123711		0
0	0	0	0	0	0	9/1/18	0	0	5500	0	0		A	123711		0
0	0	0	0	0	0	9/2/18	0	0	5501	0	0		A	123711		0
0	0	0	0	0	0	9/3/18	0	0	5502	0	0		A	123711	H	0
0	0	401	0	401	0	9/4/18	0	0	5503	1	1		A	123711		0
0	0	402	0	401	0	9/5/18	0	0	5504	1	1		A	123711		0
0	0	401	0	401	0	9/6/18	0	0	5505	1	1		A	123711		0
0	0	401	0	401	0	9/7/18	0	0	5506	1	1		A	123711		0
0	0	0	0	0	0	9/8/18	0	0	5507	0	0		A	123711		0
0	0	0	0	0	0	9/9/18	0	0	5508	0	0		A	123711		0
0	0	401	0	401	0	9/10/18	0	0	5509	1	1		A	123711		0
0	0	401	0	401	0	9/11/18	0	0	5510	1	1		A	123711		0
0	0	402	0	401	0	9/12/18	0	0	5511	1	1		A	123711		0
0	0	401	0	401	0	9/13/18	0	0	5512	1	1		A	123711		0
0	0	401	0	401	0	9/14/18	0	0	5513	1	1		A	123711		0
0	0	0	0	0	0	9/15/18	0	0	5514	0	0		A	123711		0
0	0	0	0	0	0	9/16/18	0	0	5515	0	0		A	123711		0
0	0	401	0	401	0	9/17/18	0	0	5516	1	1		A	123711		0
0	0	401	0	401	0	9/18/18	0	0	5517	1	1		A	123711		0
0	0	402	0	401	0	9/19/18	0	0	5518	1	1		A	123711		0
0	0	0	0	0	0	9/20/18	0	0	5519	0	0	pupil free	A	123711		0
0	0	0	0	0	0	9/21/18	0	0	5520	0	0	pupil free	A	123711		0
0	0	0	0	0	0	9/22/18	0	0	5521	0	0		A	123711		0
0	0	0	0	0	0	9/23/18	0	0	5522	0	0		A	123711		0
0	0	401	0	401	0	9/24/18	0	0	5523	1	1		A	123711		0
0	0	401	0	401	0	9/25/18	0	0	5524	1	1		A	123711		0
0	0	402	0	401	0	9/26/18	0	0	5525	1	1		A	123711		0
0	0	401	0	401	0	9/27/18	0	0	5526	1	1		A	123711		0
0	0	401	0	401	0	9/28/18	0	0	5527	1	1		A	123711		0
0	0	0	0	0	0	9/29/18	0	0	5528	0	0		A	123711		0
0	0	0	0	0	0	9/30/18	0	0	5529	0	0		A	123711		0
0	0	401	0	401	0	10/1/18	0	0	5530	1	1		A	123711		0
0	0	401	0	401	0	10/2/18	0	0	5531	1	1		A	123711		0
0	0	402	0	401	0	10/3/18	0	0	5532	1	1		A	123711		0
0	0	401	0	401	0	10/4/18	0	0	5533	1	1		A	123711		0
0	0	401	0	401	0	10/5/18	0	0	5534	1	1		A	123711		0
0	0	0	0	0	0	10/6/18	0	0	5535	0	0		A	123711		0
0	0	0	0	0	0	10/7/18	0	0	5536	0	0		A	123711		0
0	0	401	0	401	0	10/8/18	0	0	5537	1	1		A	123711		0
0	0	401	0	401	0	10/9/18	0	0	5538	1	1		A	123711		0
0	0	402	0	401	0	10/10/18	0	0	5539	1	1		A	123711		0
0	0	401	0	401	0	10/11/18	0	0	5540	1	1		A	123711		0
0	0	401	0	401	0	10/12/18	0	0	5541	1	1		A	123711		0
0	0	0	0	0	0	10/13/18	0	0	5542	0	0		A	123711		0
0	0	0	0	0	0	10/14/18	0	0	5543	0	0		A	123711		0
0	0	401	0	401	0	10/15/18	0	0	5544	1	1		A	123711		0
0	0	401	0	401	0	10/16/18	0	0	5545	1	1		A	123711		0
0	0	402	0	401	0	10/17/18	0	0	5546	1	1		A	123711		0
0	0	401	0	401	0	10/18/18	0	0	5547	1	1		A	123711		0
0	0	0	0	0	0	10/19/18	0	0	5548	0	0		A	123711	H	0
0	0	0	0	0	0	10/20/18	0	0	5549	0	0		A	123711		0
0	0	0	0	0	0	10/21/18	0	0	5550	0	0		A	123711		0
0	0	401	0	401	0	10/22/18	0	0	5551	1	1		A	123711		0
0	0	401	0	401	0	10/23/18	0	0	5552	1	1		A	123711		0
0	0	402	0	401	0	10/24/18	0	0	5553	1	1		A	123711		0
0	0	401	0	401	0	10/25/18	0	0	5554	1	1		A	123711		0
0	0	401	0	401	0	10/26/18	0	0	5555	1	1		A	123711		0
0	0	0	0	0	0	10/27/18	0	0	5556	0	0		A	123711		0
0	0	0	0	0	0	10/28/18	0	0	5557	0	0		A	123711		0
0	0	401	0	401	0	10/29/18	0	0	5558	1	1		A	123711		0
0	0	401	0	401	0	10/30/18	0	0	5559	1	1		A	123711		0
0	0	402	0	401	0	10/31/18	0	0	5560	1	1		A	123711		0
0	0	401	0	401	0	11/1/18	0	0	5561	1	1		A	123711		0
0	0	401	0	401	0	11/2/18	0	0	5562	1	1		A	123711		0
0	0	0	0	0	0	11/3/18	0	0	5563	0	0		A	123711		0
0	0	0	0	0	0	11/4/18	0	0	5564	0	0		A	123711		0
0	0	401	0	401	0	11/5/18	0	0	5565	1	1		A	123711		0
0	0	401	0	401	0	11/6/18	0	0	5566	1	1		A	123711		0
0	0	402	0	401	0	11/7/18	0	0	5567	1	1		A	123711		0
0	0	0	0	0	0	11/8/18	0	0	5568	0	0		A	123711	P	0
0	0	0	0	0	0	11/9/18	0	0	5569	0	0		A	123711	P	0
0	0	0	0	0	0	11/10/18	0	0	5570	0	0		A	123711		0
0	0	0	0	0	0	11/11/18	0	0	5571	0	0		A	123711		0
0	0	0	0	0	0	11/12/18	0	0	5572	0	0		A	123711	H	0
0	0	401	0	401	0	11/13/18	0	0	5573	1	1		A	123711		0
0	0	402	0	401	0	11/14/18	0	0	5574	1	1		A	123711		0
0	0	401	0	401	0	11/15/18	0	0	5575	1	1		A	123711		0
0	0	0	0	0	0	11/16/18	0	0	5576	0	0	Air Quality	A	123711	W	0
0	0	0	0	0	0	11/17/18	0	0	5577	0	0		A	123711		0
0	0	0	0	0	0	11/18/18	0	0	5578	0	0		A	123711		0
0	0	0	0	0	0	11/19/18	0	0	5579	0	0		A	123711	H	0
0	0	0	0	0	0	11/20/18	0	0	5580	0	0		A	123711	H	0
0	0	0	0	0	0	11/21/18	0	0	5581	0	0		A	123711	H	0
0	0	0	0	0	0	11/22/18	0	0	5582	0	0		A	123711	H	0
0	0	0	0	0	0	11/23/18	0	0	5583	0	0		A	123711	H	0
0	0	0	0	0	0	11/24/18	0	0	5584	0	0		A	123711		0
0	0	0	0	0	0	11/25/18	0	0	5585	0	0		A	123711		0
0	0	401	0	401	0	11/26/18	0	0	5586	1	1		A	123711		0
0	0	401	0	401	0	11/27/18	0	0	5587	1	1		A	123711		0
0	0	402	0	401	0	11/28/18	0	0	5588	1	1		A	123711		0
0	0	401	0	401	0	11/29/18	0	0	5589	1	1		A	123711		0
0	0	401	0	401	0	11/30/18	0	0	5590	1	1		A	123711		0
0	0	0	0	0	0	12/1/18	0	0	5591	0	0		A	123711		0
0	0	0	0	0	0	12/2/18	0	0	5592	0	0		A	123711		0
0	0	401	0	401	0	12/3/18	0	0	5593	1	1		A	123711		0
0	0	401	0	401	0	12/4/18	0	0	5594	1	1		A	123711		0
0	0	402	0	401	0	12/5/18	0	0	5595	1	1		A	123711		0
0	0	401	0	401	0	12/6/18	0	0	5596	1	1		A	123711		0
0	0	401	0	401	0	12/7/18	0	0	5597	1	1		A	123711		0
0	0	0	0	0	0	12/8/18	0	0	5598	0	0		A	123711		0
0	0	0	0	0	0	12/9/18	0	0	5599	0	0		A	123711		0
0	0	401	0	401	0	12/10/18	0	0	5600	1	1		A	123711		0
0	0	401	0	401	0	12/11/18	0	0	5601	1	1		A	123711		0
0	0	402	0	401	0	12/12/18	0	0	5602	1	1		A	123711		0
0	0	401	0	401	0	12/13/18	0	0	5603	1	1		A	123711		0
0	0	401	0	401	0	12/14/18	0	0	5604	1	1		A	123711		0
0	0	0	0	0	0	12/15/18	0	0	5605	0	0		A	123711		0
0	0	0	0	0	0	12/16/18	0	0	5606	0	0		A	123711		0
0	0	401	0	401	0	12/17/18	0	0	5607	1	1		A	123711		0
0	0	401	0	401	0	12/18/18	0	0	5608	1	1		A	123711		0
0	0	402	0	401	0	12/19/18	0	0	5609	1	1		A	123711		0
0	0	401	0	401	0	12/20/18	0	0	5610	1	1		A	123711		0
0	0	401	0	401	0	12/21/18	0	0	5611	1	1		A	123711		0
0	0	0	0	0	0	12/22/18	0	0	5612	0	0		A	123711		0
0	0	0	0	0	0	12/23/18	0	0	5613	0	0		A	123711		0
0	0	0	0	0	0	12/24/18	0	0	5614	0	0		A	123711	H	0
0	0	0	0	0	0	12/25/18	0	0	5615	0	0		A	123711	H	0
0	0	0	0	0	0	12/26/18	0	0	5616	0	0		A	123711	H	0
0	0	0	0	0	0	12/27/18	0	0	5617	0	0		A	123711	H	0
0	0	0	0	0	0	12/28/18	0	0	5618	0	0		A	123711	H	0
0	0	0	0	0	0	12/29/18	0	0	5619	0	0		A	123711		0
0	0	0	0	0	0	12/30/18	0	0	5620	0	0		A	123711		0
0	0	0	0	0	0	12/31/18	0	0	5621	0	0		A	123711	H	0
0	0	0	0	0	0	1/1/19	0	0	5622	0	0		A	123711	H	0
0	0	0	0	0	0	1/2/19	0	0	5623	0	0		A	123711	H	0
0	0	0	0	0	0	1/3/19	0	0	5624	0	0		A	123711	H	0
0	0	0	0	0	0	1/4/19	0	0	5625	0	0		A	123711	H	0
0	0	0	0	0	0	1/5/19	0	0	5626	0	0		A	123711		0
0	0	0	0	0	0	1/6/19	0	0	5627	0	0		A	123711		0
0	0	0	0	0	0	1/7/19	0	0	5628	0	0		A	123711	P	0
0	0	401	0	401	0	1/8/19	0	0	5629	1	1		A	123711		0
0	0	402	0	401	0	1/9/19	0	0	5630	1	1		A	123711		0
0	0	401	0	401	0	1/10/19	0	0	5631	1	1		A	123711		0
0	0	401	0	401	0	1/11/19	0	0	5632	1	1		A	123711		0
0	0	0	0	0	0	1/12/19	0	0	5633	0	0		A	123711		0
0	0	0	0	0	0	1/13/19	0	0	5634	0	0		A	123711		0
0	0	401	0	401	0	1/14/19	0	0	5635	1	1		A	123711		0
0	0	401	0	401	0	1/15/19	0	0	5636	1	1		A	123711		0
0	0	402	0	401	0	1/16/19	0	0	5637	1	1		A	123711		0
0	0	401	0	401	0	1/17/19	0	0	5638	1	1		A	123711		0
0	0	401	0	401	0	1/18/19	0	0	5639	1	1		A	123711		0
0	0	0	0	0	0	1/19/19	0	0	5640	0	0		A	123711		0
0	0	0	0	0	0	1/20/19	0	0	5641	0	0		A	123711		0
0	0	0	0	0	0	1/21/19	0	0	5642	0	0		A	123711	H	0
0	0	401	0	401	0	1/22/19	0	0	5643	1	1		A	123711		0
0	0	402	0	401	0	1/23/19	0	0	5644	1	1		A	123711		0
0	0	401	0	401	0	1/24/19	0	0	5645	1	1		A	123711		0
0	0	401	0	401	0	1/25/19	0	0	5646	1	1		A	123711		0
0	0	0	0	0	0	1/26/19	0	0	5647	0	0		A	123711		0
0	0	0	0	0	0	1/27/19	0	0	5648	0	0		A	123711		0
0	0	401	0	401	0	1/28/19	0	0	5649	1	1		A	123711		0
0	0	401	0	401	0	1/29/19	0	0	5650	1	1		A	123711		0
0	0	402	0	401	0	1/30/19	0	0	5651	1	1		A	123711		0
0	0	401	0	401	0	1/31/19	0	0	5652	1	1		A	123711		0
0	0	401	0	401	0	2/1/19	0	0	5653	1	1		A	123711		0
0	0	0	0	0	0	2/2/19	0	0	5654	0	0		A	123711		0
0	0	0	0	0	0	2/3/19	0	0	5655	0	0		A	123711		0
0	0	401	0	401	0	2/4/19	0	0	5656	1	1		A	123711		0
0	0	401	0	401	0	2/5/19	0	0	5657	1	1		A	123711		0
0	0	402	0	401	0	2/6/19	0	0	5658	1	1		A	123711		0
0	0	401	0	401	0	2/7/19	0	0	5659	1	1		A	123711		0
0	0	401	0	401	0	2/8/19	0	0	5660	1	1		A	123711		0
0	0	0	0	0	0	2/9/19	0	0	5661	0	0		A	123711		0
0	0	0	0	0	0	2/10/19	0	0	5662	0	0		A	123711		0
0	0	401	0	401	0	2/11/19	0	0	5663	1	1		A	123711		0
0	0	401	0	401	0	2/12/19	0	0	5664	1	1		A	123711		0
0	0	402	0	401	0	2/13/19	0	0	5665	1	1		A	123711		0
0	0	401	0	401	0	2/14/19	0	0	5666	1	1		A	123711		0
0	0	401	0	401	0	2/15/19	0	0	5667	1	1		A	123711		0
0	0	0	0	0	0	2/16/19	0	0	5668	0	0		A	123711		0
0	0	0	0	0	0	2/17/19	0	0	5669	0	0		A	123711		0
0	0	0	0	0	0	2/18/19	0	0	5670	0	0		A	123711	H	0
0	0	401	0	401	0	2/19/19	0	0	5671	1	1		A	123711		0
0	0	402	0	401	0	2/20/19	0	0	5672	1	1		A	123711		0
0	0	401	0	401	0	2/21/19	0	0	5673	1	1		A	123711		0
0	0	0	0	0	0	2/22/19	0	0	5674	0	0		A	123711	P	0
0	0	0	0	0	0	2/23/19	0	0	5675	0	0		A	123711		0
0	0	0	0	0	0	2/24/19	0	0	5676	0	0		A	123711		0
0	0	401	0	401	0	2/25/19	0	0	5677	1	1		A	123711		0
0	0	401	0	401	0	2/26/19	0	0	5678	1	1		A	123711		0
0	0	402	0	401	0	2/27/19	0	0	5679	1	1		A	123711		0
0	0	401	0	401	0	2/28/19	0	0	5680	1	1		A	123711		0
0	0	401	0	401	0	3/1/19	0	0	5681	1	1		A	123711		0
0	0	0	0	0	0	3/2/19	0	0	5682	0	0		A	123711		0
0	0	0	0	0	0	3/3/19	0	0	5683	0	0		A	123711		0
0	0	402	0	401	0	3/4/19	0	0	5684	1	1		A	123711		0
0	0	402	0	401	0	3/5/19	0	0	5685	1	1		A	123711		0
0	0	402	0	401	0	3/6/19	0	0	5686	1	1		A	123711		0
0	0	402	0	401	0	3/7/19	0	0	5687	1	1		A	123711		0
0	0	402	0	401	0	3/8/19	0	0	5688	1	1		A	123711		0
0	0	0	0	0	0	3/9/19	0	0	5689	0	0		A	123711		0
0	0	0	0	0	0	3/10/19	0	0	5690	0	0		A	123711		0
0	0	401	0	401	0	3/11/19	0	0	5691	1	1		A	123711		0
0	0	401	0	401	0	3/12/19	0	0	5692	1	1		A	123711		0
0	0	402	0	401	0	3/13/19	0	0	5693	1	1		A	123711		0
0	0	401	0	401	0	3/14/19	0	0	5694	1	1		A	123711		0
0	0	401	0	401	0	3/15/19	0	0	5695	1	1		A	123711		0
0	0	0	0	0	0	3/16/19	0	0	5696	0	0		A	123711		0
0	0	0	0	0	0	3/17/19	0	0	5697	0	0		A	123711		0
0	0	401	0	401	0	3/18/19	0	0	5698	1	1		A	123711		0
0	0	401	0	401	0	3/19/19	0	0	5699	1	1		A	123711		0
0	0	402	0	401	0	3/20/19	0	0	5700	1	1		A	123711		0
0	0	401	0	401	0	3/21/19	0	0	5701	1	1		A	123711		0
0	0	401	0	401	0	3/22/19	0	0	5702	1	1		A	123711		0
0	0	0	0	0	0	3/23/19	0	0	5703	0	0		A	123711		0
0	0	0	0	0	0	3/24/19	0	0	5704	0	0		A	123711		0
0	0	0	0	0	0	3/25/19	0	0	5705	0	0		A	123711	H	0
0	0	0	0	0	0	3/26/19	0	0	5706	0	0		A	123711	H	0
0	0	0	0	0	0	3/27/19	0	0	5707	0	0		A	123711	H	0
0	0	0	0	0	0	3/28/19	0	0	5708	0	0		A	123711	H	0
0	0	0	0	0	0	3/29/19	0	0	5709	0	0		A	123711	H	0
0	0	0	0	0	0	3/30/19	0	0	5710	0	0		A	123711		0
0	0	0	0	0	0	3/31/19	0	0	5711	0	0		A	123711		0
0	0	0	0	0	0	4/1/19	0	0	5712	0	0		A	123711	H	0
0	0	401	0	401	0	4/2/19	0	0	5713	1	1		A	123711		0
0	0	402	0	401	0	4/3/19	0	0	5714	1	1		A	123711		0
0	0	401	0	401	0	4/4/19	0	0	5715	1	1		A	123711		0
0	0	401	0	401	0	4/5/19	0	0	5716	1	1		A	123711		0
0	0	0	0	0	0	4/6/19	0	0	5717	0	0		A	123711		0
0	0	0	0	0	0	4/7/19	0	0	5718	0	0		A	123711		0
0	0	401	0	401	0	4/8/19	0	0	5719	1	1		A	123711		0
0	0	401	0	401	0	4/9/19	0	0	5720	1	1		A	123711		0
0	0	402	0	401	0	4/10/19	0	0	5721	1	1		A	123711		0
0	0	401	0	401	0	4/11/19	0	0	5722	1	1		A	123711		0
0	0	401	0	401	0	4/12/19	0	0	5723	1	1		A	123711		0
0	0	0	0	0	0	4/13/19	0	0	5724	0	0		A	123711		0
0	0	0	0	0	0	4/14/19	0	0	5725	0	0		A	123711		0
0	0	401	0	401	0	4/15/19	0	0	5726	1	1		A	123711		0
0	0	401	0	401	0	4/16/19	0	0	5727	1	1		A	123711		0
0	0	402	0	401	0	4/17/19	0	0	5728	1	1		A	123711		0
0	0	401	0	401	0	4/18/19	0	0	5729	1	1		A	123711		0
0	0	401	0	401	0	4/19/19	0	0	5730	1	1		A	123711		0
0	0	0	0	0	0	4/20/19	0	0	5731	0	0		A	123711		0
0	0	0	0	0	0	4/21/19	0	0	5732	0	0		A	123711		0
0	0	401	0	401	0	4/22/19	0	0	5733	1	1		A	123711		0
0	0	401	0	401	0	4/23/19	0	0	5734	1	1		A	123711		0
0	0	402	0	401	0	4/24/19	0	0	5735	1	1		A	123711		0
0	0	401	0	401	0	4/25/19	0	0	5736	1	1		A	123711		0
0	0	401	0	401	0	4/26/19	0	0	5737	1	1		A	123711		0
0	0	0	0	0	0	4/27/19	0	0	5738	0	0		A	123711		0
0	0	0	0	0	0	4/28/19	0	0	5739	0	0		A	123711		0
0	0	401	0	401	0	4/29/19	0	0	5740	1	1		A	123711		0
0	0	401	0	401	0	4/30/19	0	0	5741	1	1		A	123711		0
0	0	402	0	401	0	5/1/19	0	0	5742	1	1		A	123711		0
0	0	401	0	401	0	5/2/19	0	0	5743	1	1		A	123711		0
0	0	401	0	401	0	5/3/19	0	0	5744	1	1		A	123711		0
0	0	0	0	0	0	5/4/19	0	0	5745	0	0		A	123711		0
0	0	0	0	0	0	5/5/19	0	0	5746	0	0		A	123711		0
0	0	401	0	401	0	5/6/19	0	0	5747	1	1		A	123711		0
0	0	401	0	401	0	5/7/19	0	0	5748	1	1		A	123711		0
0	0	402	0	401	0	5/8/19	0	0	5749	1	1		A	123711		0
0	0	401	0	401	0	5/9/19	0	0	5750	1	1		A	123711		0
0	0	401	0	401	0	5/10/19	0	0	5751	1	1		A	123711		0
0	0	0	0	0	0	5/11/19	0	0	5752	0	0		A	123711		0
0	0	0	0	0	0	5/12/19	0	0	5753	0	0		A	123711		0
0	0	401	0	401	0	5/13/19	0	0	5754	1	1		A	123711		0
0	0	401	0	401	0	5/14/19	0	0	5755	1	1		A	123711		0
0	0	402	0	401	0	5/15/19	0	0	5756	1	1		A	123711		0
0	0	401	0	401	0	5/16/19	0	0	5757	1	1		A	123711		0
0	0	401	0	401	0	5/17/19	0	0	5758	1	1		A	123711		0
0	0	0	0	0	0	5/18/19	0	0	5759	0	0		A	123711		0
0	0	0	0	0	0	5/19/19	0	0	5760	0	0		A	123711		0
0	0	401	0	401	0	5/20/19	0	0	5761	1	1		A	123711		0
0	0	401	0	401	0	5/21/19	0	0	5762	1	1		A	123711		0
0	0	402	0	401	0	5/22/19	0	0	5763	1	1		A	123711		0
0	0	401	0	401	0	5/23/19	0	0	5764	1	1		A	123711		0
0	0	401	0	401	0	5/24/19	0	0	5765	1	1		A	123711		0
0	0	0	0	0	0	5/25/19	0	0	5766	0	0		A	123711		0
0	0	0	0	0	0	5/26/19	0	0	5767	0	0		A	123711		0
0	0	0	0	0	0	5/27/19	0	0	5768	0	0		A	123711	H	0
0	0	402	0	401	0	5/28/19	0	0	5769	1	1		A	123711		0
0	0	402	0	401	0	5/29/19	0	0	5770	1	1		A	123711		0
0	0	402	0	401	0	5/30/19	0	0	5771	1	1		A	123711		0